seqlock_acq_rel_0.s seqlock_acq_rel.s seqlock_atom_0_opt.s seqlock_atom_0.s seqlock_atom_opt.s seqlock_atom.s seqlock_seq_cst_0_opt.s seqlock_seq_cst_0.s seqlock_seq_cst_o1.s seqlock_seq_cst_o2.s seqlock_seq_cst_opt.s seqlock_seq_cst.s sleep_0.s sleep_10.s sleep_1.s sleep_20.s sleep_2.s sleep_50.s sleep_5.s 
39674184915 24103979568 40743458862 51369765758 23001751544 38798785094 44883242597 60082851907 34328599090 26398810722 22683306932 38978993563 95370759559 56751799567 84162925362 48438248996 75762050721 41362549568 65104046468 
40198203688 23684292949 40786458073 51381722854 22494330543 38789630558 45354401738 60004016494 34704481562 26399788697 23049414834 38759794864 95289439505 56719820179 85053932288 48215571231 75710208794 41490434096 65409558195 
40173878341 23309206327 40755002947 51362278824 22631320739 38589673350 45428535687 60149136677 34268602455 26534822316 22959529440 38621778335 95349135182 56110063246 84087697136 48748984079 76711130815 41385077174 64903906534 
40133819880 23589325201 40754008107 51357493801 23145497311 38624306248 45353787870 60098851408 34799275240 26499253443 23029316801 38434430186 95340717060 55011313011 84891083095 47175986991 77459815876 41385119555 65674802161 
40143087051 24079673695 40754934999 51373580783 23104218296 38429761560 45604359052 60054451199 34860354754 26607347850 23154670259 38769850354 95333712326 56400573673 85316745610 46880400831 77565867686 41432341652 66413269854 
40098220083 23508794765 40786907311 51354287200 23004169391 38378736044 45393451780 60223451912 34783391091 26523661738 23234054644 38588970751 95261186699 55996901124 84951573291 48152132931 77612305932 41396031876 66513097820 
40104975153 23755662530 40765945150 51353009986 22923007439 38329482349 45329132461 60033652529 34783529505 26539521349 22994898998 38509894624 95285504315 56678864479 84713387248 48303770940 76843395086 41500496451 66503363940 
40178721901 23748702484 40797502611 51350861898 22620117664 38630946272 44708421448 60123270368 34443663472 26464175894 22699695845 38976394031 95309715781 56303328012 84066369834 47417120482 77184153938 41468387211 66609937677 
39663559801 23504524360 40744580715 51346718571 23001679350 38579166692 45354086638 59994067524 34594490901 26099756668 23029468227 38574930451 95379299728 56130984582 85136826051 47316258715 75588424097 41105252545 66541411891 
40152151508 23792301338 40763107216 51309792601 22937453681 38250135531 45421529619 59638353356 35033594187 26573633654 23123761431 38803786516 95329006070 54653171062 85189829342 47253064367 77345249765 40807216643 66983472316 
39618431109 24177227533 40764613918 51354300153 22509383922 38976292090 45293188694 60201207942 34863159773 26389125870 22673949263 38779346586 95374823942 56593249522 84187887010 47836187392 75624590727 41535280474 64868655667 
40073154446 24196224377 40731541691 51366588804 22687951837 38581833348 45402980658 60178589657 34436667563 26336853495 23114206139 38699460839 95076999898 57177890362 84181643635 48229412652 75943704623 41310247879 66614262136 
39568813137 24182136242 40815497987 51351206319 22932786633 38771912232 45384140236 60129335184 34269454420 26580151675 22559720203 38299234585 95338932855 57067274843 85302979749 48474691834 75264595925 41360031506 66610038838 
39684099846 24230025522 40749439890 51287423872 23192046184 38165175027 45523870660 60203651820 35005483154 26491997280 23009361880 38514835545 95150247467 56572949416 84179156771 48373279293 75821974939 40721083419 67369586774 
39967382451 24089121474 40793648949 51353613499 22879053029 38144002059 45413494390 59575402016 34470137054 26514399214 23109036883 38750613682 95280960583 57035102066 85050815792 48754855339 75350705535 41419117465 66863345499 
39609965934 23269937083 40785447996 51399354708 23018146216 38829850710 45534211719 60089395607 34529952597 26251694740 22730477757 38296930371 95062808778 56874013643 85087611781 46796077477 77621827510 41657875433 67372034324 
40185755239 23924752275 40741303201 51358360510 23004130066 38674561924 45559124862 60114399649 34669811991 26494388418 23149724516 38669835018 95362325552 55406503297 85082744864 48442070496 76724088080 41830253485 66215882824 
40086326568 24003861241 40738021692 51298090619 22545331289 38769108398 44942604484 60294620867 34250473352 26247320351 23119317998 38404562146 95319527081 54994655754 85256012174 47987975310 77356419269 41148105550 66668770235 
40189981239 24229960031 40794962815 51300703447 22642968872 38755023053 45444147065 59592348596 34617310120 26155012223 22970084303 38370266165 95315219790 54849523855 85543637304 48471252567 77223836400 41356248081 66949817781 
40064131087 23929898885 40754038583 51326943061 22961707074 38421108881 45518475857 59633484068 34739272258 26498990919 23138529419 38723835754 95368497557 56469421183 85516385689 48151964807 75714277891 41382119602 66582159803 
40138675119 24145099856 40751816707 51305196821 23119075437 38509398053 45494450910 59520777317 34832621728 26060501646 22697702112 38695117393 95327750774 56641758726 84418496616 47916490553 75611778356 41578567029 65109742234 
40145248346 23643184465 40733430649 51354978404 22720075911 38580433116 45333597253 60159651658 34769933704 26539037113 23128776208 38103922658 95381560582 55245984373 85143991875 46495502997 76827658091 41153341774 64569682884 
40092565241 23603897674 40738045513 51356854370 22602750068 38580562474 45383184868 60013197342 34604937071 26574915782 22600176744 38799711740 95288123988 55996071625 84603264936 48692580437 77697098062 41428164392 67832476656 
40221809897 23460143431 40792578419 51376313809 23015032661 38160026966 45479111533 59384671677 34773150370 26236845303 23019691269 38615012294 95315217747 55052821761 84976454332 48517201066 75974765694 41603325900 66739738484 
40177921315 23244334076 40764525325 51363978112 23051392167 38310652726 45463549436 60198834582 34849372704 26559495708 23029419345 38464426808 95373220514 56690135204 84411073597 47302571182 77188423678 41200819285 66749597997 
40033970534 24011824538 40768818285 51320841131 23082150550 38849822767 45369536595 60159377055 34401099700 26653702951 22669888238 38540826222 95320082415 57103324679 84334306913 48625493640 76889935645 40995463385 64698683811 
40212060305 24088730286 40778462395 51360745923 22966448222 38704162914 45323681406 60063358847 34844294825 26503972341 22494439689 38814261929 95306800825 56896677676 84658324766 48510497181 77153317501 41644044713 66725985006 
39668736223 24174567546 40811956716 51344190347 22632224233 38350304257 45529524039 60173603942 34840152275 26494817824 23069959009 37974757176 95375024356 55796205552 84650531887 47783611392 76165449058 41348675252 65369465036 
40124392868 24224467562 40756037250 51280968327 23101495061 38662220725 45442643313 60129212985 34799842150 26384584915 23080067976 38385148405 95295090064 54424961764 85475312577 48067045788 75814214986 41193989279 66928939259 
39722952461 24123999140 40768917725 51369530633 23217480673 38774282790 45474057254 60238732689 34829251314 26684250945 23124052130 38729580561 95364841703 56846435319 85300905807 49093876517 77127108492 41432828103 66404679567 
40138365892 24190209213 40750736183 51344362995 23149130323 38585047503 44833112901 60058961939 34368229461 26469168996 23115677628 38807786945 95090889630 57305813014 84914454279 48303414550 77204117987 40831217104 67314137522 
39580275738 24085025462 40785452116 51372038592 22531081520 38679977637 45394528385 59699697439 34905118702 26530055379 23114036815 38365213589 95314816247 57061141893 85183298829 47845690502 75843029112 41695511317 66830865936 
40017939223 24039169001 40789179682 51362497147 22968423126 38775029747 45398763581 60133885742 34644238883 26514600021 22633338402 38625338702 95109622214 57449216125 85454385339 47835336521 77681335945 41651068450 66894550423 
40034112525 24114982447 40774910859 51359933380 23099246406 38849792224 45449538009 60209026423 35195024366 26495025356 22509684032 39139872756 95314388279 56256488713 85342139955 47776279529 77085657102 41355530471 65034697102 
40129395634 24008493456 40716816736 51286481226 23051693754 38565015884 45479367344 60063198619 34596515897 26505082653 22641994134 38770188200 95397538484 56579945571 84233228495 48235352389 77258735501 40915106275 67434148832 
40073050326 24089670691 40771628110 51387366661 23167860783 38689623720 45363901972 59986670705 34251626684 26477202270 22468910684 38643968056 95312429943 56131269225 84361034534 48586284645 77417957170 40797290767 65100201585 
40158843420 23935712076 40762527014 51274579095 22950015828 38835211586 45459664549 59609503426 34529965121 26639850969 23130228276 38605138188 95320293878 55083886086 84648265007 48242482731 77033837394 41776082761 66419999061 
40103556064 24184882645 40764684847 51354215848 23088224487 38844190869 45388655694 60053138041 34613979669 26509394266 23129013403 38464490728 95301017029 56982194184 84855160452 47629689601 77356713196 41351398685 66525820828 
40148237108 23314113856 40770148269 51368729447 23044820952 38604944014 45324079229 59614791736 35025052033 26284876654 23054511470 38660105506 95350561666 56961607414 84870026418 48157447170 77418144872 41017709000 64769302905 
39672845575 23445000181 40775085523 51344641770 22951197913 38848756769 44968420432 60073437608 35024242432 26249044031 23158290128 38473589536 95372027926 56555642244 85003851403 48408882039 76773121369 41355672431 66752796625 
39564594425 24440412802 40794815939 51359764066 22673618045 38580830383 45486143426 60118939767 34244102299 26266628208 22683890675 38898977236 95368610204 56612896939 84526793686 44985778307 42146014251 39079535527 56731335665 
40198054028 23888274012 40779297365 51382378012 23098084344 38623644154 45343100383 60237775339 34767262460 26393139068 23088011410 38333364976 95347784147 56998688859 85101100323 48455726923 77302208223 41147480834 67215108284 
40212522232 23943355866 40768516526 51362421821 23142952564 38263364650 45592703739 59483547863 34627506755 26208623079 23093616149 38553690881 95298780414 56652874220 85515732899 48786462322 76799331544 41188734040 67431294217 
40028671113 24287157868 40809222143 51350402944 23080005645 38608557074 45372531630 60148109307 34708347138 26613699801 22928509615 38513546082 95324883636 56821589639 84832215982 48334744079 75687539292 41544177742 66388338772 
40114461164 23426586695 40767973043 51359039412 22711827553 38583591473 45426966381 60167867097 34583552833 26203699325 23098575729 38663948317 95312172724 57275006694 85244098285 48536336023 76749658427 41339445423 66996292630 
40199540899 23448468015 40769276371 51366400065 23268768113 39143210644 45406408549 59953848954 34580673065 26511143375 22938389428 38793130096 95308301904 57389992320 84704298556 47036152238 77805401799 41326325473 67098393117 
40167791076 23928226798 40779822105 51286695702 23177703608 38413908541 44920424492 60122945460 34488906734 26151765749 22543932266 38623725809 95337527554 54775315587 85555359651 48016929498 77404216122 41657997001 66828724659 
40197175630 23878563917 40788901956 51352444351 23268167596 38453674010 45473165229 60083077270 34883521917 26568658579 23008710183 38563320933 95260140950 56421694476 85476834242 48210380522 77737522679 40860713959 66726626992 
39607412204 24293647846 40757394522 51308201376 22558434376 38558591627 45352631215 59437081408 34894511649 26194391850 22581810926 38976247093 95371166241 54922837967 85087181436 47080507016 77155477220 41767078579 66251947025 
40154223816 24053896741 40728780623 51353199188 23098299218 38108581379 45438279288 59558089304 34628640097 26558885670 22503764732 38888728232 95127871551 57159255897 85131903673 47105471019 77386851485 41075629546 66631519016 
40076553515 23643763833 40763508229 51362395045 22518848354 38813922130 45381885247 60146323720 34651995141 26581628803 22933936228 38603936184 95223277989 57154561177 85195936394 48551391469 77383671154 41416138612 65035591385 
40163880322 24011100194 40791569414 51365522476 22670859681 38723838640 44922581039 60048779274 34283491999 26558849246 22630111480 38682271626 95131299668 56235911921 85052053284 48199339790 75987526470 41624479293 64688476249 
40127487774 24088504407 40758067264 51359478122 23032598437 38438681962 45472900301 59905128671 34246716337 26493007126 23098525710 38683606101 95361517671 55430145253 84886107345 48465256335 77075682237 40902130345 67263130114 
40203621445 23848769275 40777018005 51360121005 22873021986 38543939744 45323383143 60078039862 34839385517 26667748538 23073636977 38628705297 95107211433 56591817893 85095167916 47164952729 77559155514 41268372940 67378702986 
40208026690 24023662753 40778786892 51383770966 22967865832 38533780636 45507944023 60018266032 34823769068 26353806742 23108717525 38668783437 95253906423 56818105900 84302094413 48330238965 75336918013 41229921858 66963464346 
40088051483 23588971794 40770983267 51279374896 22960019705 38829047781 44908186453 60273273442 34404136239 26333959705 23088797925 38793861227 95266298111 56663303147 85256161856 48744067015 77303878698 40763767085 67263928708 
39698011841 24228818761 40757776536 51366143881 22996312435 38154748542 45472133507 59523245540 34623778408 26500784871 23101412965 38438690627 95330927142 57035432953 85301336403 48151014076 77562504597 40925638003 67549153341 
40182927960 23864191546 40753770910 51366686896 22975066502 38664180534 45323207268 59941090197 34831228953 26348861441 22993794448 38968520650 95361417336 55535668184 85288990063 47923217989 77402928397 41224308938 66551818005 
40204075805 23958684203 40770016661 51291986381 22656093261 38755080262 45440321059 60198206361 34738097656 26563872381 23213671178 38763766653 95222596435 57004347473 85215887123 48253959883 76009815582 41691429448 65203717450 
40137977422 23566208371 40753423049 51369956826 23084627623 38963771678 45277961083 59973587649 34898737529 26335583390 23062144237 38729075889 95258430246 56803614008 84671627224 47181971884 77641048316 41536928812 66984654712 
40177310517 24163912408 40771331403 51311142729 23118650835 38640974632 44841536891 60066265445 35039554174 26493589112 22583604103 38658933606 95383730751 56898842234 83936353623 48534618375 77380354067 41422074608 66863530873 
39732678102 24224113254 40788155050 51381819826 23000832884 38874039743 45378181237 59933657838 34903927876 26563469551 22893745100 38603107061 95299286640 57318331025 85074632168 48536211965 77268667555 41309115510 67023836665 
40128456074 24180230408 40777080467 51369392589 23068675158 38752992506 44848298753 60033306790 34753733540 26303101908 23034692683 38313231404 95336602211 56315936058 84560853302 47471458040 77398442396 40919032178 66985625031 
40096132558 24173790396 40784646083 51303728585 23077664642 38517730337 45373244445 60277968985 34958929794 26598995595 23089466407 38661838271 95289716799 56467599271 85164699107 48576513002 77469358172 41208366038 66843718295 
40067512518 24103950191 40754301852 51359133542 23152620232 38913732555 44883308181 60183470163 34848634291 26498872513 23023631585 38673926339 95329189005 57203068742 84987418361 47234768806 77482649391 41477967117 67392545855 
40218200514 23743869558 40749198520 51365831043 22969934682 38798496710 45503234029 60062279914 34794369180 26528727394 22928371579 38779456787 95394472103 56508913788 84899109726 48652390696 77713747043 40694424286 67113274882 
39687002531 24125209317 40769025796 51295653682 22981706039 38756086480 45416571247 60253408153 34994183519 26463858697 23019123644 38611579824 95059017270 55431519739 85269601372 47124157229 77135547243 41467994276 64846653407 
40135405979 24210258104 40771127145 51322162853 22934584628 38879516068 45394301712 60003868952 34714637705 26514827906 22969739907 38660049887 95315505104 56593156567 84976209453 48359328028 77050408862 41535338983 65701079414 
40247277686 23493861876 40795488865 51359065763 23106176869 38818204163 45175454529 59914039557 34855240081 26490340331 22985423537 38895098042 95099110950 57371587764 84323942282 48309464689 77629054590 41566094888 65329392108 
40165083362 23959614425 40769591824 51375199522 23084496096 38205160104 45404664173 59619965995 34954879480 26295108498 23160070571 38364597529 95345815090 56411252051 84858696587 48765221188 76752343868 41348143196 65203956487 
40203452617 23860935846 40787566887 51314384295 22923510664 38599301533 45359068321 59974259462 34580032608 26575068696 22928154103 38677198282 95122719739 56669504881 85111983274 48266182347 76133872256 40632752744 67259015973 
40074495215 24105445618 40769585443 51305427991 22939953915 38490049853 45375129427 59684831505 34995100627 26580257950 22616492073 38644273722 95299911350 57144302097 85087522739 49061196156 75514079021 40811893053 65112986759 
40224418696 24089354404 40734667620 51286239219 22868422674 38770308488 45353629724 59685531126 34814423281 26229301247 22939342319 38329392792 95377220483 55461340163 84816347040 48952707223 77279539005 41388547740 66654102300 
40084449723 24179847563 40785444940 51360051051 23168333975 38829857343 45494341195 60089577910 34304483855 26239728906 22930056860 38310002806 95363439369 56831582911 85227405468 49103505427 75573126891 41640639484 66229736184 
40129818618 24067749838 40794666874 51307624144 22976590603 38474945958 45329544311 59989251456 34624903616 26210118937 23064912509 38365083242 95318708200 56905944371 84152852454 47325199196 77751394700 41961271225 64965294666 
40129162042 24049898119 40826439528 51275888938 23108697963 38474176192 45538786559 59928591264 34498956841 26449938149 23137195620 38719611820 95368245622 56390475044 85247712334 48036547530 75775691202 41299163773 65148453828 
40135429910 23644675325 40751784882 51293088563 23019841007 38740267795 45314283777 60223565382 34435413376 26460187306 22970043863 38794829632 95378706191 56735541219 84251553072 47013156733 77652879708 40726973761 66794887735 
40118823118 23269740285 40761098467 51361777577 23120551190 38679967325 44915744474 60282672919 34514817070 26594990027 22990118115 38754600685 95293649064 54867376697 85300902756 48569899604 75781524782 40533711019 67399832610 
40129076764 23589833323 40811670708 51368380338 23008166786 38752858626 45597534298 59919039770 34904306557 26319443051 22644737416 38874586252 95351628994 54842219223 85155048426 48343382553 77475611441 40754982062 67469776192 
40143866349 23513704316 40777485931 51355286264 22922722732 38859879639 45489615507 60259636483 34775345277 26485210742 23045204299 38675378664 95378409356 55300660493 84588854143 47373064616 77596220595 41358828952 66980308725 
40012310641 24237291770 40776874458 51363341096 23081726135 38738660642 44832688461 60159178735 34748959928 26513905034 22858863076 38759196140 95380335467 56582435819 85097194591 48486429840 75788278633 41859807739 66148162700 
40118505573 23924622072 40781785140 51374629217 23087280888 38383076249 45559145224 60129277926 34270176812 26624524089 22505148980 38714306725 95268656229 55340217730 84768856966 48486565239 76565514522 40873389976 65442071246 
40076621598 24134911079 40767185564 51370417928 22631429550 38849978176 45299111546 59584416077 34514887977 26564986012 23089984813 38774657967 95333393764 56266129226 85015662000 48518810240 77855923321 41092396030 66818927429 
40318504643 23599205106 40787577325 51300948587 22598976105 38809441706 45528910091 60185672332 34962942900 26529420210 22964630555 38749678695 95259645213 54704375460 84180302962 48284213089 77238375188 41485703967 66699564047 
40078754456 24154059769 40775045374 51343932029 23144879787 38120024959 45364596993 60004492716 34814551893 26534676104 22514615083 38920140723 95360194855 56015241579 84155480426 48494805092 75835960527 41494257047 66763243362 
40246153799 23604640741 40746156874 51346893373 22944846248 38794027031 44983851688 60158332635 34458597092 26714094272 22668955033 38989818451 95083101559 57028765239 84297252253 48540821202 77163852192 40919516348 64963614753 
40168344128 23793840419 40746170789 51368161795 23159979031 38479163095 45359148490 60124203979 34989770464 26479780697 23134487807 38554863793 95208601954 57205496106 85025679902 48439202146 77159430156 41480089267 66379996498 
40249058547 24025056251 40780775050 51285307437 23023445298 38793458406 45425942115 60354796720 35030204351 26530139513 23020077374 38472101515 95153971840 55902651357 85074276355 47130254531 77771199396 41305222748 67293918186 
40213767689 23979703326 40728450449 51362875841 23031822414 38577366870 45445936146 60018854566 34859480483 26305243691 23074881375 39000033294 95348442231 55802954700 85221636427 47376621372 77539107655 40816143880 66762959600 
40010094038 23914402327 40769446093 51369873896 22926965608 38582041537 45442015141 60179253196 34275031445 26520210411 22660113778 38700124274 95042066738 55583681127 85075406339 48383811224 75653343797 41422728193 66654526662 
39578754105 23954855967 40801441615 51353735527 23072234501 38779796197 45379239349 60151803958 34388199957 26560141521 22633311925 38825204251 95321389569 55100818423 85102212640 48264239067 76707877325 41513671218 66173612746 
40130058298 23685296942 40750791583 51371221851 22592734942 38630548246 45370048456 60009752527 34625436432 26725200742 22965036383 38385896239 95299451831 56666711438 85452674146 48462670882 76543768172 41211322238 67240191980 
40049515979 24305565287 40800060556 51352476488 23022191189 38245299214 45454812320 59589219785 35010333732 26285029046 23015842778 38543568853 95311711024 57533718353 85077102117 48223183356 77410434431 41494888896 66551148971 
39648644712 24185539127 40786161291 51280514163 22603555202 38950568336 45315131829 60182365993 34942816663 26560684501 22933979396 38572458336 95299367880 56797421789 85548367688 48950466724 77365712420 41359182264 67012011645 
39652708369 24160468483 40756731463 51286409164 22626357556 38755443349 45258824319 60284498091 34805306821 26590233575 23065341605 38495087093 95374347771 56746222477 84953673593 48379743553 77034682791 41811524263 66805072150 
40099331608 23870045938 40780102720 51350074250 23144151944 38805867661 45530925489 60224837637 34463845044 26540012803 22995807091 38754276578 95337694813 56727464611 85296955120 49058788182 75803104734 41248244581 66594690274 
40149023769 23829867442 40737421799 51307214607 22945746235 38545426436 44974861193 60185165301 34465250692 26350343268 23095437669 38680105573 95385235555 56774669429 83986639451 48582957740 77149210518 41348664718 66522193789 
40115195693 23856938142 40767741422 51373319413 22894927536 38438538945 44800829856 59375185360 34768542233 26530214260 23030391808 38675146402 95283400727 57098064566 84222872769 48510588558 75966135564 41338847138 67123685056 
40043508038 24002415681 40813240833 51353349420 22703373142 38868983718 45398125453 60063604466 34944703502 26583362437 22503799815 38453992172 95321430796 57666556613 85171597530 48293889432 75844010204 41304017632 66423341223 
40088794945 23889200453 40787626969 51345190519 22937595607 38410241724 45503739187 59533342152 34654195770 26459139655 22849246776 38609240460 95306420484 56686335410 84786008436 48055091424 77363378287 40695129902 67019261425 
39673460795 24084592203 40765939921 51367007977 23014508146 38925756310 45233563056 60199456113 34834532457 26614585442 22874945686 38815200642 95271237424 56358564390 85123541106 47077207102 77390186888 40849902941 67640187485 
40084556217 24190060135 40767451973 51362384982 23169831067 38323607424 44849197492 59682165747 34844698585 26279991680 23140056816 38582608283 95314236980 55378296621 85400276296 48235634569 75678181108 41212340502 66642121859 
40153380369 23900384198 40794615439 51390904299 22518724268 38915574029 45435492972 60065456182 34784009247 26420306232 23124817328 38770160505 95086982081 56873031024 85147843013 48577205027 77214065668 41359828625 66564958603 
39607334303 24222071488 40801097836 51274849687 22828842443 38610441076 45444815024 59663031408 35022382355 26190303245 23050340970 38270417182 95353563696 56616182752 85066893872 48157888683 76996377332 41399071597 65225060859 
40114526122 24180085095 40760301906 51368609998 23061507317 38320984007 45584658000 59989494983 34785218174 26200356759 22659934257 38860500185 95047068634 56578107197 84994303684 48415866074 77041872335 41218563627 66911920636 
39628124226 23585006786 40763674831 51357578574 22633835146 38855265727 45004788266 59570816404 34304818390 26402751259 23120049575 38860497382 95301329727 56711106659 85125204565 48278850139 75538983796 41571024191 66885404805 
40054432831 24075606821 40716250979 51355180609 23008080936 38165399396 45524912820 60234731487 34375087350 26365316468 23005364189 38420631950 95052266666 57301289269 84239284266 49226102378 77211719426 40683969470 66889818555 
40129817041 24264999205 40785636535 51359883035 23154281864 38990441943 45354455066 60069831180 34790180709 26562453191 23011321386 38498344759 95291904253 57181989508 84944210932 48248094234 76584473242 41371186931 65106658379 
40134308178 23599219650 40750473479 51308256716 23086280910 38105473535 45374907655 59579962922 34615328060 26075492137 23076132750 38379693699 95204098063 54871450676 85351099377 47188066703 77331528083 41145489544 66720304261 
40224238595 24009736318 40745527028 51354499911 22621005057 38415333204 44922917644 60130265967 34300434787 26385401070 23180250638 38280511378 95357853823 55100646799 85458159314 48338875354 75615413378 41560040174 67045818808 
40184090649 23451097781 40811642762 51348042888 23096417354 38585206125 45539493507 60273463813 34616386206 26305635606 22699562509 38725172920 95291662434 56228191834 85007491093 48286243429 77768439080 41282415445 67575113271 
40229567086 24185550375 40800925500 51373616373 22938266051 38590354291 45415018219 60059120173 34489798132 26630339068 22525137934 38595057779 95383123512 54886581310 84964655927 48055637362 77324920024 40709845995 66315000708 
40193927979 23635448025 40776922943 51405507963 22716772984 38610124826 45369590023 59684745277 34755330062 26590139134 23024981401 38965238653 95314838816 56728171242 84091993772 47374975697 77268088785 40947328295 66882011727 
40251933259 23935421942 40785258316 51351658674 23011538050 38345167818 45437558963 59750784502 34989340671 26254813359 23074745151 38829625143 95328475603 56720045472 84794557033 47574969606 75728592440 41945798363 67196926569 
40152013427 24167353862 40750608602 51370431699 23108463381 38694735548 45354185417 60154603959 34947709400 26577195193 23195092692 39164774482 95322081278 56758502305 84970723098 47367854529 75856190692 40933869895 67314688949 
40074242976 24244872730 40736856636 51306487010 23000420135 38429756629 45409399142 60224386870 34484811672 26208125767 23091508385 38779973361 95408639198 56931625625 85086057824 48314031032 77087087277 41584684991 66441210617 
40123821324 23659047498 40810389633 51358677289 23163579353 38585003886 45445165418 59613880836 34804828499 26530266696 22634955685 38420186384 95298702659 54928901967 84450364017 47561579911 76898860485 41121487747 66760011257 
40113959617 24094935622 40787000756 51295925162 22957137901 38615203736 45399983928 59909767341 34675108622 26220199600 23004945954 38500756030 95266724462 56351445766 85447032654 48558198749 77217406015 41787431081 66836632103 
40197803842 23940007811 40760487640 51368055421 23066154804 38865040685 45559520121 59989486457 34655251791 26096408757 23034836101 38582456859 95347077674 56792764288 85108986394 48250673883 77434103598 41535914509 66732607326 
40141894271 24030061685 40775951413 51344172321 23014921314 38130217525 45454749294 59934778980 34765261988 26550428047 22490422217 39050450552 95264658934 55244822728 84152013409 48539840700 77175927536 41065594128 67044555601 
40163664485 23744756815 40763230863 51354760390 23001407323 38730239777 45439402540 60184144428 34624897356 26475466506 23274307380 38420132632 95338611310 56771855057 84988201191 47244682672 77150718790 41034337817 66565861472 
40096534637 24079199020 40800095675 51288966508 23156241340 38694488171 45418940638 59421266285 34892086061 26317342578 22941527010 38334595787 95142818154 56486034802 85110821174 48448152248 77429439912 41765268107 67007510645 
40140387484 23944761840 40765207055 51294366131 22729352111 38615955977 45471326951 59934234308 34785048109 26260274532 23085304983 38490295507 95243488707 56817036767 85059607392 48325612411 77275942671 41299192285 67232525709 
40210232092 24129967677 40743882569 51296290285 23154748428 38522712666 44976875722 60132752995 34780195243 26425075531 22964991995 38756639430 95014522495 56862507236 84912933327 48558278273 77432118311 40698647639 65059997814 
40053944307 24059941992 40768219689 51276493797 22823674827 38234280885 44759376123 60184909506 34380142857 26435967500 22497114570 38550304284 95288480089 56666382196 84151644946 48742905745 75713747961 41396831937 66241350169 
40133276902 24179870511 40725344097 51358865345 22534710697 38860108527 45549763370 60249460721 34753638937 26540994399 22974797366 38091910913 95093138375 56699265686 85057338627 48577562871 77235562768 41454366360 67009307217 
40173674663 23984503322 40748334176 51380055890 22917759790 39029365750 45568716196 59589043807 34644413756 26614553716 22944487829 38589614000 95360271667 56780625833 84450568556 48365786687 75562064975 41283351306 67135078388 
40174285419 23856896113 40759688252 51278492984 22550681374 38845528770 45684527915 60084910740 34599454466 26178465415 22917068398 38565423591 95329862998 57113911691 85100485550 48332474947 77599201839 40602428062 66820478856 
40169014780 24215515866 40747353658 51281317329 23176181323 38474875845 45469201202 59874472851 34490381081 26169997666 23135220411 38460502003 95264966731 56509918172 85146649464 47769118627 77673758435 41670566024 66502944387 
39627750271 24420479281 40762054456 51317957434 23123784168 38270767979 44932775998 60044856571 34700833183 26313440759 22480355887 38755215202 95311762525 56932588527 85217809062 48402142621 77128168026 41041391074 64920418814 
40154138974 23650362970 40765134607 51290538457 23113448272 38655608438 45364475596 60184583641 34530318725 26285103247 22624675249 38190162607 95361236837 56103909757 84897847996 48976897795 76846951360 40613210178 66454366196 
39603887406 23935093967 40774955307 51344629124 22604367566 38404921931 45359094115 59494642932 34690344513 26559797133 22959585121 38814435989 95323132559 57216381560 85198278277 48396635447 76617612725 41671803169 66799663992 
40085038880 23782971711 40785783948 51284116310 23031758507 38854429166 44893066198 60038242396 35014087866 26330550984 22773648765 38499519510 95301068707 56853606232 83806326686 48772395575 77369020110 41115916008 66622582632 
40179064764 23950172228 40786117838 51360857328 22541394386 38754721203 45469702483 60104728401 34615100818 26170171730 23095487157 38950580839 95332771473 56527652959 84905545001 48345067948 77379012757 41545406269 64819596860 
39664161534 24200323332 40790471167 51365704608 23247200791 38830100973 45436549784 60127405873 34754957329 26429950563 23077109425 38808446781 95205069552 56794963876 84809631978 48493357572 77090943735 41270754304 66649897689 
40244079685 23850112746 40790226603 51367023122 23036657871 38639745662 45429431711 60159618669 34584927034 26594681933 22984992012 38428630757 95285444981 57220018800 85040163627 46719779453 77011361667 40598373633 66659383137 
39643309693 23938035329 40760852629 51276505922 23063849216 38443993040 45493740386 59703480967 34833994408 26214183806 23164393234 38324278271 95361541500 56900058007 84845743515 48248670804 76985613807 41178998158 66726157306 
40124904431 23637117673 40775833606 51345905240 23170072118 38315495472 44824830260 60099832706 34670114659 26484820164 23179240340 38525498835 95314937885 56813829517 85329008205 48251362899 77118025819 41201314270 66600354348 
40134073423 24099518998 40771488015 51304870779 22888150233 39000276367 45525603668 60172068018 34760452444 26461913846 22719429040 38345165117 95099817542 54977583070 84705970171 47870429938 76677050110 40733458164 66998453980 
40194297898 24060000588 40764059543 51367426351 23082762136 38815293397 45589981488 60060045516 34795165509 26389679600 23134744549 38330225742 95329905669 54675353700 85179963106 47954718093 77579424684 41396174799 66760201446 
39679021816 24139894678 40769047922 51352042429 23097713972 38835413642 45434871082 60003886637 34679450244 26322228039 23082549313 38645152001 95031047747 55778817916 83920911270 48188855023 75453332382 41385952989 66644862735 
40135199768 23598305205 40763594292 51347588659 23002470303 38344183170 44275982035 59237228181 33927257178 26376364340 23082250586 38607611288 95330830353 55978860270 85226873276 48778551295 75775221702 41407183530 64963182359 
40166368790 24113382179 40778311586 51383433853 23108081201 38493942945 45533181594 59961611931 35016589681 26439760170 23306756774 38454372063 95078673215 56589577120 84241373618 47977596496 77571497334 41277564073 67112049437 
40275178160 24064786972 40789505282 51366892551 22966819289 38099628874 45539291279 60159449479 34895104680 26525362864 22640724432 38434480668 95347309756 56711113905 85117087160 47197685987 77098970200 41666157262 67237841691 
40251063835 24350500070 40796223136 51355194892 23108191009 38770158948 45409720411 60159948823 34780004475 26509887616 23114497217 38604986239 95337431693 56543828396 84208893326 48367817775 76580950528 40699687067 66378005644 
40128922466 24030021963 40765523106 51375666535 22653404169 38875096894 45227802086 59386554735 34680064052 26540332122 22922259008 38502508873 95355981084 57184153826 85125778582 47174407891 75944669779 41437774760 64949169578 
40005192819 24377222884 40779076049 51364954253 23052818552 38359297187 45553556887 59529045357 34760277701 26543490136 22949463830 38589759686 95300752656 55400699009 85369061561 47292090300 77215584927 41027393595 65016264512 
39667754111 24085233100 40782972056 51399997227 22991866432 38731491657 45378060736 60224965358 34679785036 26462207978 22845641106 38205242942 95330226698 57259310156 85301747177 47850007053 75918804947 41744441925 65026443560 
40188007228 23495049204 40751123791 51369999948 22563459596 38475864850 45363369653 59999233566 34529154025 26460273569 23183813587 38588615927 95290463849 56983452557 85084654328 48378792033 75443638066 41580417498 66646205844 
40133521608 23924459025 40773712974 51344558810 23125210289 38489770672 44908556357 59999445014 34501131697 26503662874 23170025504 38369939429 95344667493 56375155302 83983657169 48211095792 77677168094 41607626412 66999639660 
39709299726 24350306598 40796460629 51351070099 22625417722 38586588530 45368088013 59984326971 34849717171 26475345165 23015224226 38325431183 95365323080 55758013699 85258148388 47918756274 77265648606 41284879972 64968975795 
40135727842 24204879431 40767978220 51355599948 23180965127 38326905037 44817316196 60109754838 34985294221 26400286774 22960317615 38849990725 95356994388 56802983716 84976023141 46837296901 77547925998 41219943455 67281804088 
39671174155 24069890267 40757954182 51362927587 22938224193 38514540584 45424100426 59544116779 34609839191 26620568574 23171674966 38209801122 95341591339 56605842795 84929942262 48827707837 77011935108 40777354968 66093684791 
40135175836 24064796990 40770630414 51389953164 23113863312 38760022953 45384526161 59579658642 35100089672 26480325203 23238964903 38800871489 95307480319 56412141285 85036699215 48282008675 75828874189 41626899070 67305564085 
40209224657 23889416941 40780314667 51361877216 22997366533 38674690891 45548835651 60104497382 34549988462 26255031784 22955207802 38120058077 95356609336 57504118962 84816770835 47250825141 77029244036 41188667399 66748094663 
40099899187 24054462888 40774469378 51365197652 22917990054 38252844130 45604081561 60043794021 34659649490 26514406295 23034496857 38114803458 95351579905 55087020705 85070306673 47249944838 75851592849 41518941032 66380240885 
40128457286 23971177853 40766625354 51279386027 22899157818 38583621806 45499761515 60104710800 34845909417 26548249889 23050377394 38404809815 95293081844 57122057852 84863516030 48331681478 75644055797 41581445842 66970468152 
40174399740 24115097726 40760243419 51345971680 23136912489 38935160951 45299775422 60147247376 34382748424 26569357874 23160015187 38190335880 95075832239 56162895237 85577398394 48078517519 75807184548 41669131159 64864424470 
40128360276 24129151243 40772946507 51280384557 23094379736 38729465245 45438946940 60169401207 34664752601 26234640363 23125158500 38765262302 95324695739 56830523153 85023894833 49051488682 77054604450 40631063488 67076595621 
40227419027 23716363415 40755572866 51363695570 23213459896 38780257891 45439831456 59444670666 34850041079 26549107382 23226007676 38625735459 95049442631 56973013097 84920936366 49049307103 77583457612 41767243054 65080657113 
40139105559 23479849822 40771673091 51365474437 23058386296 38624922699 45414661069 59469980463 34285251696 26165636598 22865372083 38905113784 95319412038 56539700533 85130992104 48614217138 75862880207 40722946658 65264838176 
39658853910 23559824216 40821687692 51354880783 22491760719 38250323772 45474978718 60074608411 34984905095 26190454756 22645367117 38702424211 95139205281 56845077359 85304517360 48499062882 75597042222 41568926096 66535768084 
40139535868 23786190234 40772121248 51380670646 22661298997 38728434538 45445314110 60221866359 34633936587 26329204751 23075535124 38393309437 95358093885 56500797642 85305814782 48462554190 75444625627 41385104734 64735208916 
40204092928 24014872972 40758793183 51348539402 22477597485 38869824498 45414379277 59989446178 34900239171 26330240605 22995086740 38452596121 95318299783 55043786076 85179944570 48025964206 77418901627 41687548437 66864863752 
40132061869 23920293641 40780449234 51359948262 22629552578 38742182256 45348436639 60154631364 35010062188 26470179679 22965234759 38578408158 95285700628 55139686233 85028100223 47442915808 77493721856 40881866988 66832912249 
39739334989 24159874867 40735810579 51365171209 23153972165 38830300728 45494760077 59499777809 34419791839 26485001537 22680390286 38401797916 95317757812 56840389521 85315687977 46879964205 75674021235 40955700082 66945503911 
40174536672 23944842772 40759579381 51372015232 23062574654 38296014073 44842422343 60101594573 34673494326 26465117792 23165015829 38685231811 95305781638 55955162382 84639235660 48305445296 77593496655 41441062359 66799873883 
40169168374 24135213148 40771344157 51347548344 22513046950 38909459119 45555138518 60260698185 34595787582 26529774618 23135216864 38230119919 95304953351 54849374716 84428117629 48837381620 76228544783 40986318540 67269919005 
39643752490 23968021632 40746103528 51345540859 23110013299 38724102637 45393039994 59588302058 34859208859 26589141744 23119310111 38774325339 95262236943 56846257141 84054315418 48569547845 77673392374 41790243917 66710114429 
40068966608 24204963329 40779952486 51352687394 22981824564 38855286239 45429790179 60085050246 34315128154 26690217369 22665126177 38587323596 95255559866 56420399654 84032435335 48460583771 77240354108 40641184566 66591525814 
39691688556 24187701286 40756298920 51365666835 23015779150 38694987319 45354327829 60029076002 34759916473 26394216637 23006196638 38649867495 95365863665 56809378536 84852243039 46912703380 75506142674 41288140972 67278090213 
40136539995 24187315856 40788877782 51359775313 23143516434 38645131704 45484598377 60034165020 34624792930 26660066082 23010202197 38800312780 95333738223 55441921704 85147061916 47068284512 77044594139 41100872117 66963642366 
39706176284 23865282230 40775841826 51359663857 23009377323 38898030118 44879756441 60143334463 34761915299 26390313262 22630323945 38565422585 95312511410 56751871483 85212467466 48507135574 77179062277 41490891187 67975531622 
40211815012 23884922548 40825947454 51359467315 23218796821 38841536063 45448254115 60128776028 34774854941 26836960292 22929504833 38879514397 95343014458 57250528386 85085926927 48364387605 77033389055 40598624549 65650109479 
40173542999 23564948870 40758695747 51286062602 22999788504 38280250652 44836488754 60142671989 34672683305 26682429512 23089580057 38390464360 95357234592 55016079771 84307796743 48367381503 75714070798 40890937984 64970049149 
40064402839 24090399603 40781577102 51369002586 23058648006 38565278861 45404790866 59884761340 34566544241 26112818811 23090035480 38984774168 95344120493 57120953781 85388421343 48457243995 77228564868 41366246225 66994035753 
40124790601 23435369398 40795266267 51355397318 23053990891 38519753715 45374248410 60184247839 34519923964 26516151190 22509709867 38750086686 95021077718 56624070933 85198956415 48505864306 77208583141 41326747553 66657149849 
40194843675 23660430320 40769149535 51344546906 22935384299 38580322617 45589743842 59639993398 34825468123 26370572125 23155583002 38744574107 95329949052 57069961960 85197070656 48208576583 76539710786 41070218252 66971690108 
40109269143 23959636362 40751403457 51369015564 23229095239 38295465788 45439646748 60145041126 34509950546 26660056718 23164677139 38751597849 95039056989 55159380075 85335316774 47257308617 77868988068 41114439159 66694378110 
40173253584 23864320941 40760678668 51279661115 23182191112 38854501300 44884286020 60043863791 34470334100 26225210059 23109644831 38289720398 95333823018 55183729778 85501054510 48661051851 76814477480 41850289524 65350745045 
40113306160 24300060786 40773401261 51373042646 22672901847 38480003020 45480265064 60187301560 34802928289 26544903265 22810519246 38685398305 95060575758 56774728923 84923838885 48516303327 77096397229 40974048035 66618148602 
39716170065 23579732354 40799704459 51377145409 22721931541 38179332084 45569474070 59449583172 34655024125 26184850588 22593501033 38359382513 95373133387 57315945531 85301876981 47711850775 77256803313 40809893151 67223941236 
40095061581 23954934879 40757377046 51352550727 23134450414 38714677741 45364481451 59520003774 34784445781 26524650448 22999798317 38927122128 95368971898 56294258237 85592408920 48642195093 77194346498 41355946031 65320542803 
39609274507 24135320790 40756324770 51393014565 23234988473 38635400042 44993157066 59546894396 34787838835 26262888364 23085273080 38859859278 95318244809 56659769317 85306335756 47336534954 75898604820 40775935867 66280210952 
40133894993 23550693507 40737238482 51288322629 22988522553 38880790261 45507565968 60119797455 34690340144 26505398896 22989893185 38330102279 95342206088 57101234006 84112733225 48298600273 77352762203 41047087652 66986134588 
40135792065 24132306777 40781363727 51282406745 23083800834 38209161609 45457866728 60059437715 35014174245 26474290412 22704366261 38484353660 95279736375 55277201319 84864463785 47106517707 77352388090 40767184778 67300016761 
39688950005 23440056210 40762337509 51350418555 22982043355 38470446837 45409417142 60184580867 34580341160 26114771600 23114999841 38815636059 95297283332 55168876413 84486327996 47213875557 77154401298 41446142571 64981545544 
40207788236 24030258764 40785545302 51300954408 23078397036 38445378292 44969646730 60029495617 34855239398 26634833661 23170322415 38460518756 95281299063 56518764713 84324151443 47096169051 77401626569 40824282160 64776758496 
40177971156 24040215473 40765841400 51324817469 23104269867 39110605211 45487606514 60095237141 34409613755 26416954689 22703771353 38549552412 95300822821 54667554293 85174936294 48754487947 76698846787 40705724386 65118594930 
39680792674 23950070195 40756092767 51365215042 23022449644 38699826749 45345020588 59589912284 34840427096 26441202108 23217907551 38760024934 95338721761 55948619781 84416249735 48629302362 77211394384 41027404100 66255495352 
39988836119 24035143892 40785201577 51354899506 22649518045 38605346851 44939616748 59580086206 35025297556 26529955648 23010156668 38232507623 95281465924 55400908064 85292463347 47118388149 77250801516 41775796581 66492790811 
39664525348 23890491056 40760973164 51278622882 23135479468 38815248228 44750222246 60228556933 34765814648 26485568171 22950016701 38929932369 95359174837 56544292854 85182540906 47749919608 77888884616 41525643181 67350453474 
40135441326 23552174834 40778258434 51354471502 23115010949 38610276913 44820088277 60424825980 34585417342 26429341951 23001386946 38160200091 95293304188 56507180908 85267226930 47668365199 75840824873 41600990433 66372429584 
40124235885 23895023124 40774620031 51280138424 22966337912 38513236871 45544623539 60140034795 34585091609 26439925984 23114943725 38395225799 95307537809 56608021860 84962428842 47983143792 77219505948 40786429608 67215704998 
39744368560 23970306332 40796607971 51390764966 22663900092 38585751753 45516319779 60098288561 34973994729 26189413100 23019465517 38748998481 95282698979 54763357142 85541955527 47926240440 77323508804 41575466797 65313545565 
40199357927 23923719047 40775568381 51376787542 23083225398 38433057190 45441772682 59514571871 34625079928 26485378380 23129583667 38755796670 95025273016 57346783835 84961780648 48488198419 77236038609 41183137391 66461250462 
40124062092 24049377139 40780067825 51374445158 23145034406 38305410697 45449836301 59945009064 34834711390 26330350407 22510285261 38550199616 95284487915 55510413052 84977203892 48197733671 76468503296 41766589492 66431990639 
39610143536 23584984423 40764561927 51361528110 23078214951 38710652951 45359276032 59599828356 34585035108 26665074505 22655606585 38815229692 95113969707 56980651975 85532224295 48501552563 77749383670 41688919830 66892327355 
39563902852 23594876154 40760169225 51380040077 22579697394 38665002077 45454348587 60068163089 35056714170 26471297463 23068935844 38185100969 95334608112 56135387631 84803657177 48631932097 75536184603 41498978677 66956473954 
40037928921 24055324823 40772486617 51333116275 23139145782 38314999633 45409556839 60164973988 34850993621 26642924425 23169951173 38490176284 95258754583 56511761969 85125483779 48491912490 77191666127 41679846018 65265399750 
40078922165 24125363706 40776153954 51360876100 23051909140 38429223959 44930030179 60172686531 34854679958 26653770328 23104279823 38829157816 95275902366 55782095580 85070754925 48008868773 75610211987 41404229612 66345775968 
39708282531 24120389069 40801248221 51362404970 23110798907 38269912677 44745705834 60143379579 35040022360 26450095180 23114704597 38654104341 95288649046 55113247490 84787468626 47892870228 77308941928 41256057725 67320007139 
39704393139 24429591411 40782818482 51296614418 22590837423 38625381015 45349881251 60200091809 34715203346 26690039775 23085634942 38605350877 95286019434 56474458358 84938435029 48476869330 75660587125 41344774798 67100105492 
40111635427 24559928986 40759089679 51364177849 23109700300 39029931632 45404544681 59534751634 34549819108 26485097837 22955642174 38360475237 95325778702 57074105257 85223847418 47160487526 75443433808 41192819264 66656290940 
39513407011 23680701158 40759883715 51372121195 22962388767 38216034203 44932342105 60139152942 34721927148 26485542181 23030074136 38395179826 95376250128 56726852163 83882669887 48438926515 76098465800 40786949781 64459890270 
39618826236 23434370703 40775336158 51366563683 23098685183 38649778188 45434754489 60014723825 34780118654 26473135344 23172652175 38810127922 95288446142 57360999933 84454678203 48290966227 76834718183 41546417832 65114112653 
40186156737 24100303970 40765829997 51276008498 22661986602 38510009834 45619660153 60229829744 34573000707 26221808990 22720143764 38225030878 95328544793 56955755219 83808444797 48975830224 76493144753 41475720279 67237077765 
40146580599 24134962544 40803929342 51366853209 22736660020 38989093867 45504333338 60024262867 34649872593 26449687631 23174730353 38224701984 95378928144 56689236396 84051234669 47449975128 77625963748 41644865003 64970116911 
39559915146 23924702213 40774526290 51317101907 23007463148 38579965500 45273499608 59664961765 34490057304 26570421676 22924839922 38549779638 95377569945 57297549026 83826579493 48399829023 77108164974 41641147988 64827180042 
40074899560 23556381375 40817122420 51347733513 23115674383 38805055312 45369574990 60108021877 34662339734 26614875240 23079230253 38236104040 95308675329 57369783160 84132120016 47133633611 77494292673 40761692215 65180238829 
40184557488 24185410568 40741725370 51352151313 22524762390 38565128947 45594327085 60124871999 34439572613 26430109412 22729945150 38190065564 95376156654 56319233630 85260248559 47644442203 77574731287 41325034477 67384184383 
40110250025 23405807424 40766045065 51275492668 23116981184 38385470958 45394822035 60064913181 34794808565 26524711418 22974824742 38479744253 95303010615 55127440779 85237430081 48806330031 75791140282 40891315412 64494844529 
39703870679 24040447737 40749702057 51289374362 23170786078 38410327985 45414589536 60114411340 34938761446 26525659255 22934593473 38580298691 95112469907 56822863081 85523664202 47775255604 77353260808 40708454815 66752200290 
40195699503 24023218969 40770523060 51345394393 23211191470 38615696821 45448577980 60139697246 34924877563 26682854877 23150087861 38345372159 95277429708 55247150736 85029579071 48320387263 75822367009 41422774959 67202736420 
40200408416 24110260326 40748756350 51351848152 22979201896 38640513875 45389411778 60179481420 34665092234 26630279672 22556022920 38766570751 95094377040 57034685081 85427312994 48360507912 77248033184 41190533007 65084685552 
40268147579 23964066973 40800156325 51345982590 23184164753 38770552166 45357115053 59428052228 34707840762 26525668973 23037950961 38479986479 95361318137 56416345422 84271300099 47165139380 77573724210 41336149764 64530242048 
39588991922 24020346903 40795527947 51374460173 23169737050 38495271952 44734731178 60234959496 35045272220 26560276631 23139834663 38755176043 95102923140 57018612180 84216860835 48299627216 77042501590 40802931584 65406175537 
40107507665 23910054379 40784601368 51356442998 23168168098 38709711924 45474704128 59677020867 34643684823 26473628872 23126202711 38455352862 95294731689 56354818967 85673823948 48331083198 76729944655 41264573719 64816524921 
40204824031 24209403501 40763202818 51372291084 22654847369 38917921435 44769634933 59697782853 34361422962 26194847150 23170323834 38655127145 95346969175 56233194552 84246740686 48118986727 77834570992 41731009110 66156748901 
40167990157 24259782801 40779577441 51346980310 22922351428 38820589581 45369884975 59631210401 34998089979 26207306274 22634984063 38755208965 95283305098 55012020938 85148249833 47727064018 75699375403 41426161248 67209952324 
40078298732 24534911904 40755390852 51361413154 22637649458 38820353098 45334316740 60179823927 34959662085 26495129963 22780787328 38393354529 95334981687 57344804139 85003607659 48336433037 75800183328 40755227065 67113184818 
39666859037 24059031571 40826155475 51284466358 22583222168 38129177641 44905035276 59659825507 34964989101 26480067959 23079732134 38689836319 95287788577 55919552306 84355156805 48211686024 77085044702 41177296019 66839341800 
40073182677 24269435942 40754872643 51367001240 22642756083 38577215732 45476621364 60044367630 34684898606 26084695212 23129727028 38929854230 95234340006 57025331369 84189788675 48673997432 77229780288 41200902764 65225266765 
40112053745 24027803479 40767423920 51353732165 22661105309 38568498981 45314525411 60059631991 34665306849 26190313006 22919460204 38586169565 95355785233 56654588145 83784071556 48296484347 75749545161 40626282816 66798220127 
40151854611 23315228012 40804949550 51350518542 23028954783 38664828784 45394483019 60094765450 34949720673 26595766405 23002560027 38930067509 95352047488 54747465931 85221577435 48219916742 75615945016 41601482382 67054945767 
40244822025 24250233350 40782429862 51365947687 22955702059 38570371431 45539788180 60224934529 34614991806 26627047225 23018072117 38800131840 95271539208 56913043939 83768829495 47143723446 75741962281 41716389745 66610339743 
40134727400 24069874850 40769796537 51370560537 22538832145 38705366254 45559991352 60149837670 34889931664 26519832095 22899861768 38248352981 95323318689 56243874271 84159262088 47761598620 76719093741 41367766806 67398772283 
40137099527 23607336353 40815024225 51363279010 23085635204 38276043455 44741067646 60080396367 34810806228 26561930271 23250307281 38485179707 95341612020 56703381159 84054204752 48680335391 77000158044 41725153350 62679073402 
40147063569 24135172285 40775443706 51357087858 22997066672 38714546321 45409399968 59984799238 34705361965 26565393737 22975283765 38620508373 95247450743 55317825759 84208386821 45514228418 52804358745 39903462684 60021331034 
